403
873
383
966
251
11
809
718
22
461
129
881
195
91
801
121
255
187
834
823
542
308
524
18
515
414
178
994
852
466
716
413
506
867
606
634
983
884
674
813
217
52
634
339
742
48
448
246
704
224
9
91
179
661
215
769
884
528
215
5
661
647
363
292
742
700
56
88
430
934
354
895
243
324
886
640
30
575
544
384
570
263
551
668
286
97
862
872
929
344
340
15
766
210
118
612
977
204
660
272
416
344
953
148
277
13
638
954
139
624
962
343
462
834
995
676
160
458
832
341
186
909
530
825
336
611
807
396
96
675
25
17
172
146
639
260
982
784
859
639
788
387
404
363
548
696
556
657
201
663
861
1
982
967
743
515
642
850
317
173
13
570
745
509
803
380
645
119
815
460
427
104
641
209
711
955
251
770
204
436
520
409
980
876
365
959
621
589
437
776
368
671
664
737
91
50
124
167
105
652
487
561
512
413
467
137
788
369
251
135
282
797
565
239
823
494
481
252
250
439
41
476
280
890
776
486
87
65
520
938
916
988
271
72
425
981
442
603
833
587
21
567
958
804
729
937
389
351
191
374
472
505
717
887
437
797
798
595
205
329
318
133
879
527
159
832
229
346
381
48
952
98
825
771
776
713
508
671
206
982
922
550
574
650
137
24
359
402
274
463
365
276
255
809
320
637
470
913
438
162
277
759
7
357
414
145
264
827
341
82
938
892
584
931
523
91
310
143
94
911
699
187
703
152
707
797
169
726
244
548
11
438
762
264
536
862
333
484
166
644
773
193
314
553
881
597
41
396
724
348
58
269
897
557
571
862
153
241
721
865
83
431
892
838
571
476
833
539
149
809
210
706
291
269
660
477
542
788
527
253
202
288
731
459
181
760
537
662
786
62
336
935
840
117
473
841
152
778
564
358
455
770
36
213
256
653
601
376
87
441
365
5
977
154
730
667
655
209
849
160
901
259
437
784
166
923
362
585
826
170
992
253
331
246
37
719
436
769
897
465
755
955
155
582
992
218
429
811
446
714
507
620
739
912
586
764
963
795
383
556
553
429
677
896
952
973
51
431
470
49
373
234
114
355
409
494
992
529
109
85
939
10
192
889
643
341
870
195
927
604
272
363
700
409
83
233
214
224
599
836
174
6
683
369
990
360
160
446
433
982
115
415
78
297
566
704
598
483
513
668
243
686
821
734
44
745
666
943
38
590
722
151
774
463
317
63
460
154
118
958
642
946
85
466
526
936
743
153
299
49
803
977
423
770
430
749
232
378
554
905
368
431
370
104
363
20
361
779
399
545
444
437
124
707
797
405
275
678
817
444
547
296
628
720
930
47
556
375
321
566
403
40
475
732
249
383
680
126
505
183
701
806
818
877
22
491
626
602
38
275
30
137
14
558
405
162
324
870
29
934
774
876
237
236
816
172
206
723
171
235
964
209
518
136
65
924
352
673
707
231
855
872
677
215
851
486
220
374
887
517
203
632
465
420
145
884
943
127
144
750
852
654
626
762
795
663
991
347
540
870
82
133
21
772
429
479
11
733
458
630
457
198
108
262
135
87
349
114
895
134
345
974
684
692
370
250
500
444
390
498
184
545
854
492
553
743
480
81
925
37
567
472
362
585
762
504
706
148
66
556
504
888
608
492
266
743
982
585
624
462
500
617
524
170
959
620
330
481
701
597
130
981
596
413
259
972
859
157
970
579
953
811
859
317
645
56
840
278
309
415
648
629
475
295
905
833
933
404
417
75
180
419
569
621
727
237
755
121
81
375
126
741
424
983
72
509
152
233
51
778
799
355
611
18
754
781
615
863
376
702
741
612
221
595
827
398
138
160
20
487
91
964
15
769
33
448
46
945
809
17
957
570
196
294
578
700
457
139
349
435
488
104
415
269
344
524
432
991
676
974
779
151
697
781
421
575
859
246
174
336
976
982
486
990
613
856
868
835
383
321
907
270
301
939
647
989
517
959
247
160
484
902
714
192
994
874
462
456
885
760
943
787
461
825
742
454
992
401
594
815
854
167
267
631
680
39
132
340
924
308
312
745
540
674
833
546
456
106
437
411
393
39
26
865
592
362
700
459
878
25
356
729
101
101
42
862
855
971
823
586
966
27
844
363
651
752
632
382
610
463
48
824
494
403
655
530
841
760
744
508
111
95
849
288
340
202
27
83
587
41
999
920
489
763
627
942
761
872
165
794
360
583
640
856
668
676
621
206
433
845
435
417
900
412
186
669
236
367
116
727
773
591
893
461
326
750
461
952
574
508
